0 240 200
10 140 110
10 110 140
0 90 180
0 60 140
0 240 240
0 110 200
0 90 240
10 200 80
0 120 130
10 10 50
0 230 210
0 160 70
0 220 130
0 110 150
0 190 120
0 110 100
0 80 50
10 140 30
0 90 120
0 90 90
0 170 10
10 150 240
10 150 0
0 220 120
0 120 100
0 230 120
0 110 90
0 170 80
10 160 100
0 80 0
0 80 230
0 170 150
0 230 170
10 160 10
0 120 210
0 90 160
0 110 210
0 250 80
0 90 220
10 160 30
0 130 190
0 100 90
10 140 60
0 90 100
0 140 30
0 110 180
0 250 10
0 100 160
0 80 210
0 170 50
10 100 120
0 130 210
10 100 50
10 140 130
10 90 90
0 60 70
0 170 110
0 90 250
0 140 0
0 100 110
10 140 180
0 80 60
10 100 40
10 140 170
0 140 50
0 220 110
0 50 250
0 240 220
0 70 70
0 210 20
0 110 10
0 210 110
0 160 240
0 110 20
10 100 140
0 160 40
0 140 150
10 70 230
10 90 80
0 110 60
10 140 70
0 220 150
0 80 140
0 110 130
0 100 80
0 130 180
10 90 200
10 130 120
10 140 140
0 90 230
0 80 170
10 10 70
0 90 110
10 110 130
0 180 190
10 0 190
0 230 110
0 120 220
0 150 250
0 80 220
0 90 140
0 140 70
0 60 230
0 210 120
10 70 160
0 80 160
0 190 160
0 160 50
10 0 250
0 50 230
0 110 110
10 140 90
10 120 200
0 190 150
0 250 20
0 70 60
0 250 110
0 130 200
10 80 130
0 250 60
0 70 80
0 160 60
0 110 40
0 50 180
0 80 120
10 100 150
0 120 250
0 80 200
0 110 80
255 255 255
10 140 230
0 170 0
10 140 120
0 230 40
0 240 190
0 250 0
0 170 30
10 90 210
0 130 170
0 140 10
10 140 150
10 140 240
0 110 0
0 110 140
0 250 90
0 210 30
0 220 160
10 70 200
0 100 0
0 160 80
0 190 0
0 100 100
0 130 220
0 230 200
10 10 40
10 100 180
0 160 0
0 240 170
0 250 40
0 140 60
0 140 40
10 80 140
10 140 210
10 40 240
0 160 90
10 90 100
0 120 0
0 190 180
10 100 160
0 60 240
0 230 160
0 230 130
0 80 130
0 100 40
0 160 170
0 160 20
0 200 200
0 180 250
0 90 130
10 140 250
0 110 70
10 10 120
10 140 100
10 160 20
0 210 190
0 160 10
0 60 110
0 50 240
0 110 170
0 60 150
0 220 100
0 90 210
10 30 50
0 60 60
0 240 210
0 230 140
10 130 150
10 110 190
0 240 250
10 70 180
0 160 160
0 210 130
0 190 210
0 190 190
0 160 180
0 100 120
0 210 180
0 80 190
0 110 30
0 110 50
10 10 130
0 120 240
0 130 240
10 130 140
0 140 80
10 120 210
0 160 250
0 170 90
0 170 60
10 140 200
0 210 10
0 80 150
10 130 130
0 80 110
