0 160 50
0 240 180
10 120 200
0 180 250
0 190 210
0 90 230
0 130 240
10 140 110
0 110 130
0 80 160
10 150 0
0 100 100
0 130 220
10 10 40
0 210 130
0 160 60
10 100 180
10 30 50
0 90 220
10 190 230
10 110 170
0 80 190
10 70 200
0 130 170
10 140 250
10 160 100
10 140 120
0 100 160
0 110 0
0 50 230
0 230 210
0 60 110
10 130 130
10 100 150
10 160 30
0 110 70
0 160 10
0 90 140
0 120 240
0 80 200
10 0 190
0 250 40
10 140 30
0 90 250
0 250 50
0 100 120
0 160 180
0 110 170
0 250 60
10 70 180
0 60 240
10 130 140
10 140 150
10 140 70
0 160 240
0 230 40
0 90 240
0 140 10
10 110 190
10 160 40
0 170 10
0 120 90
10 10 50
0 230 120
0 210 190
10 150 240
10 140 100
0 120 220
0 210 0
0 110 100
0 250 0
0 90 180
0 110 40
10 100 40
10 140 90
0 140 50
0 220 110
10 110 140
0 140 60
0 70 80
0 170 50
0 110 80
0 110 200
0 110 60
0 200 220
10 40 240
10 90 210
0 80 0
0 50 240
0 240 170
10 90 200
10 160 20
0 90 120
0 200 200
0 100 110
0 160 160
0 80 230
0 250 10
0 220 150
10 10 130
10 90 90
0 160 0
10 200 0
0 120 0
0 100 80
10 140 140
10 130 150
0 140 70
0 180 210
0 210 10
0 140 120
10 10 120
0 160 70
0 160 170
0 110 180
0 70 60
0 130 190
0 110 150
0 110 50
0 130 130
0 190 180
0 160 40
0 230 200
0 190 160
0 70 70
0 220 120
0 60 70
0 90 210
0 150 250
0 80 150
0 240 210
0 90 160
0 180 200
10 0 250
0 60 160
0 120 250
0 190 0
0 110 10
0 100 40
0 170 150
0 80 110
0 240 190
10 110 130
0 50 250
0 160 20
10 70 230
10 100 140
0 80 120
0 250 20
0 80 220
0 180 190
0 60 150
0 190 150
10 70 160
0 240 200
0 60 60
0 220 130
10 90 80
0 110 210
10 140 170
0 230 130
0 90 130
0 130 140
0 140 40
10 140 60
0 140 150
0 170 110
0 80 170
0 120 210
0 110 30
0 120 100
0 170 0
10 100 160
0 160 100
10 200 20
10 190 240
255 255 255
10 90 100
10 140 130
10 100 50
0 50 180
0 250 90
0 240 240
0 240 250
0 110 20
0 250 110
0 120 130
0 130 210
0 110 140
0 220 160
0 90 110
10 160 10
0 80 50
0 60 230
0 210 120
0 170 80
0 110 110
10 80 130
0 40 200
0 110 90
0 90 100
0 220 100
10 130 120
0 130 180
0 80 130
0 170 90
0 160 250
0 140 30
10 100 120
0 90 90
0 210 110
0 170 60
0 100 90
0 210 180
0 130 200
0 100 0
0 210 20
10 140 240
0 190 120
0 250 80
10 80 140
10 10 70
0 190 190
0 140 0
0 210 30
10 200 80
0 230 170
0 80 140
0 230 110
0 60 140
0 80 60
0 140 80
10 110 150
0 240 220
