0 210 20
0 120 0
10 120 200
0 190 0
0 60 230
10 140 150
0 80 60
10 140 120
0 90 230
0 110 100
0 160 160
0 90 110
0 110 90
0 230 40
0 110 40
0 140 150
10 140 30
0 120 220
10 30 50
10 70 160
0 230 130
0 190 180
0 110 130
0 110 50
0 220 160
0 210 190
0 100 120
0 100 100
0 130 240
0 170 80
0 120 210
10 0 250
0 160 240
255 255 255
0 80 190
0 60 240
10 90 80
0 80 50
10 100 50
0 230 140
0 180 250
0 100 160
0 160 180
0 80 230
0 160 40
0 170 150
0 160 50
10 10 40
10 70 230
0 160 10
0 210 110
0 250 20
0 160 250
0 110 180
0 220 150
0 110 140
0 130 210
0 230 110
0 250 80
0 230 160
10 140 170
0 200 220
10 140 100
10 140 60
0 90 120
10 140 180
0 60 60
0 100 110
0 170 0
10 40 240
0 240 220
0 150 250
0 60 110
0 80 210
10 130 140
0 210 10
10 10 130
0 100 80
0 170 60
0 110 20
0 140 60
0 120 100
0 210 180
0 140 80
0 100 0
0 180 190
0 90 240
0 210 0
10 100 150
0 130 200
0 230 170
0 130 190
0 130 220
0 110 200
10 80 140
0 220 130
0 250 110
0 250 60
0 50 230
0 230 120
0 60 140
0 50 250
0 250 0
0 240 200
0 220 120
0 200 200
0 250 90
0 110 30
10 100 180
0 160 0
0 110 0
0 80 0
0 110 80
0 160 20
0 230 200
10 130 150
0 120 250
10 140 90
0 110 60
10 140 240
0 250 10
0 110 150
0 190 160
0 170 50
0 80 160
10 110 140
10 90 100
0 170 10
0 80 220
10 110 190
0 110 70
10 140 130
0 140 90
0 90 180
10 100 160
0 210 130
0 240 190
0 90 220
10 200 0
0 190 150
0 140 40
10 90 200
0 240 240
0 80 110
0 80 140
0 120 130
10 10 120
10 10 50
0 130 140
0 240 250
10 90 90
0 90 210
10 140 250
0 80 120
10 140 110
10 0 190
0 120 240
0 130 180
0 110 110
0 170 90
0 70 80
0 160 70
0 70 60
0 190 190
0 60 150
0 240 210
0 100 40
0 90 250
0 230 210
0 240 170
0 160 170
10 140 210
0 70 70
10 200 20
0 50 180
0 80 130
0 80 200
10 70 200
0 80 170
0 140 120
0 140 70
10 130 130
10 130 120
0 250 40
0 190 210
0 60 70
0 110 210
10 100 120
10 70 180
0 170 30
10 80 130
0 140 0
0 110 10
10 100 40
0 50 240
0 60 80
10 150 0
0 100 90
0 220 100
0 90 90
0 90 100
0 160 100
0 220 110
0 170 110
0 160 80
0 140 50
0 110 170
10 140 70
0 140 30
0 140 10
0 90 130
0 130 170
0 210 120
0 160 60
0 190 120
10 140 140
